%YAML:1.0
aruco_bc_nmarkers: 6
aruco_bc_mInfoType: 0
aruco_bc_markers:
   - { id:590, corners:[ [ -110., -170., 0. ], [ -10., -170., 0. ], [
       -10., -70., 0. ], [ -110., -70., 0. ] ] }
   - { id:871, corners:[ [ 10., -170., 0. ], [ 110., -170., 0. ], [ 110.,
       -70., 0. ], [ 10., -70., 0. ] ] }
   - { id:32, corners:[ [ -110., -50., 0. ], [ -10., -50., 0. ], [ -10.,
       50., 0. ], [ -110., 50., 0. ] ] }
   - { id:888, corners:[ [ 10., -50., 0. ], [ 110., -50., 0. ], [ 110.,
       50., 0. ], [ 10., 50., 0. ] ] }
   - { id:373, corners:[ [ -110., 70., 0. ], [ -10., 70., 0. ], [ -10.,
       170., 0. ], [ -110., 170., 0. ] ] }
   - { id:528, corners:[ [ 10., 70., 0. ], [ 110., 70., 0. ], [ 110.,
       170., 0. ], [ 10., 170., 0. ] ] }
