%YAML:1.0
aruco_bc_nmarkers: 6
aruco_bc_mInfoType: 0
aruco_bc_markers:
   - { id:877, corners:[ [ -110., -170., 0. ], [ -10., -170., 0. ], [
       -10., -70., 0. ], [ -110., -70., 0. ] ] }
   - { id:276, corners:[ [ 10., -170., 0. ], [ 110., -170., 0. ], [ 110.,
       -70., 0. ], [ 10., -70., 0. ] ] }
   - { id:692, corners:[ [ -110., -50., 0. ], [ -10., -50., 0. ], [ -10.,
       50., 0. ], [ -110., 50., 0. ] ] }
   - { id:938, corners:[ [ 10., -50., 0. ], [ 110., -50., 0. ], [ 110.,
       50., 0. ], [ 10., 50., 0. ] ] }
   - { id:719, corners:[ [ -110., 70., 0. ], [ -10., 70., 0. ], [ -10.,
       170., 0. ], [ -110., 170., 0. ] ] }
   - { id:495, corners:[ [ 10., 70., 0. ], [ 110., 70., 0. ], [ 110.,
       170., 0. ], [ 10., 170., 0. ] ] }
