image: map3_raw.pgm
resolution: 0.012500
origin: [-11.800000, -14.600000, 0.000000]
negate: 0
occupied_thresh: 0.65
free_thresh: 0.196

