image: suturo_map.pgm
resolution: 0.012500
origin: [-3.125000, -4.062500, 0.00000 ]
negate: 0
occupied_thresh: 0.65
free_thresh: 0.196

